--- --------- --------- ------------- ---- --- ----- ----- ----- ----- ----- ----- ----- ----- ----- -----
                                                     e     sig   e_sig       e     sig   e_sig si    e_si 
    RA        DEC                          o_L Vc (  _Vc ( mac ( mac ( Vb (  _Vb ( mab ( mab ( gma ( gma (
Num J2000     J2000     Det           Line ine km/s) km/s) km/s) km/s) km/s) km/s) km/s) km/s) km/s) km/s)
--- --------- --------- ------------- ---- --- ----- ----- ----- ----- ----- ----- ----- ----- ----- -----
  1 280.69353 -04.07084 3,1,1,1,1     C18O [3] 78.97  0.03  0.30  0.03 78.94  0.02  0.39  0.02  0.36  0.03
  2 280.71076 -04.05449 2,0,0,1,1     C18O [2] 79.22  0.07  1.17  0.07 78.98  0.04  0.66  0.04  1.19  0.07
  3 280.71328 -04.05201 2,1,1,1,0     C18O [2] 78.99  0.03  0.60  0.03 79.10  0.03  0.51  0.03  0.64  0.03
  4 280.72522 -04.04092 1,0,1,1,1     C18O [1] 79.64  0.05  0.59  0.05 79.63  0.03  0.45  0.03  0.64  0.05
  5 280.71186 -04.05317 1,0,1,3,1     C18O [1] 79.58  0.05  0.53  0.05 79.53  0.07  0.73  0.07  0.58  0.05
  6 280.70758 -04.05705 1,1,1-,1,0    N2D+ [1] 79.38  0.05  0.33  0.05 79.33  0.06  0.31  0.06  0.39  0.04
  7 280.70419 -04.03817 0,0,0,0,0                                                                         
  8 280.70950 -04.03319 1,0,1,2,1-    C18O [1] 78.66  0.03  0.86  0.03 78.84  0.04  0.92  0.04  0.89  0.03
  9 280.72832 -04.03704 1,0,0,1,1-    C18O [1] 80.41  0.03  0.30  0.03                          0.37  0.03
 10 280.72574 -04.04240 1,0,1,1,1-    C18O [1] 79.89  0.07  0.74  0.07 79.70  0.06  0.71  0.06  0.77  0.07
 11 280.71151 -04.05317 5,0,2,3,1     C18O [4] 78.77  0.07  0.51  0.07 78.60  0.07  0.49  0.08  0.56  0.06
 12 280.70946 -04.05559 2-,1,1,1,1-   C18O [1] 78.85  0.07  0.59  0.06 78.73  0.06  0.72  0.06  0.63  0.06
 13 280.72497 -04.04333 1,0,1,0,1     C18O [1] 79.05  0.07  0.60  0.07 78.83  0.05  0.56  0.05  0.62  0.07
 14 280.72921 -04.03662 0,0,0,0,1                                                                         
 15 280.70303 -04.03926 2,0,0,3-,1    C18O [2] 82.66  0.06  0.50  0.06 82.60  0.06  0.53  0.06  0.55  0.05
 16 280.70544 -04.04009 3-,0,1,0,0    DCO+ [1] 79.92  0.03  0.27  0.03 79.69  0.12  0.52  0.12  0.32  0.03
 17 280.72752 -04.03933 1,0,1,1,1     DCO+ [1] 79.42  0.02  0.39  0.02 79.45  0.03  0.43  0.03  0.46  0.02
 18 280.71357 -04.05177 1,0,1,0,0     DCO+ [1] 79.62  0.06  0.46  0.06                          0.51  0.05
 19 280.73045 -04.03949 2,0,0,1,1-    C18O [1] 78.86  0.05  0.52  0.05 78.96  0.04  0.44  0.04  0.56  0.05
 20 280.70918 -04.05562 1,0,1,1,1     DCO+ [1] 78.41  0.10  0.49  0.10 78.53  0.11  0.59  0.11  0.54  0.09
 21 280.70451 -04.03592 1,0,0,1-,0    C18O [1] 79.65  0.03  0.36  0.03                          0.41  0.03
 22 280.73035 -04.02063 1,0,1,1,1-    C18O [1] 78.25  0.03  0.57  0.03 78.16  0.03  0.60  0.03  0.60  0.03
 23 280.70286 -04.03902 1,0,1-,0,1-   C18O [1] 82.63  0.05  0.41  0.05 82.60  0.04  0.42  0.04  0.47  0.04
 24 280.72403 -04.03774 0,0,0,0,0                                                                         
 25 280.70409 -04.04170 2-,0,0,0,0    C18O [1] 81.20  0.03  0.16  0.03                          0.28  0.02
 26 280.71122 -04.05426 1,0,0,0,0     C18O [1]                                                            
 27 280.72400 -04.03801 3-,0,0,0,1-   C18O [2] 79.82  0.11  0.37  0.11 79.44  0.17  0.68  0.17  0.43  0.10
 28 280.70969 -04.05597 3,1-,2,1,1    DCO+ [2] 79.24  0.09  0.51  0.10                          0.56  0.09
 29 280.70544 -04.04104 1,0,0,1-,0    C18O [1]                                                            
 30 280.72710 -04.03934 2-,0,1,0,1-   DCO+ [1] 79.32  0.03  0.30  0.03 79.28  0.03  0.31  0.03  0.39  0.02
 31 280.70441 -04.04070 2,0,0,0,0     C18O [2]                                                            
 32 280.70800 -04.05699 3,1,1,0,1-    DCO+ [1] 79.29  0.12  0.49  0.13 79.44  0.16  0.87  0.17  0.53  0.12
 33 280.69402 -04.07155 1,0,2-,0,0    C18O [1] 81.18  0.04  0.53  0.04 81.09  0.06  0.58  0.06  0.56  0.04
 34 280.71328 -04.05142 1,0,1,1,1     DCO+ [1] 78.87  0.07  0.48  0.07 78.99  0.07  0.43  0.07  0.53  0.06
 35 280.70992 -04.05583 2,0,1,2,1-    C18O [2] 78.58  0.03  0.55  0.03 78.61  0.02  0.52  0.03  0.59  0.03
 36 280.71303 -04.05163 1,0,2-,1,1    C18O [1] 78.93  0.02  0.42  0.02 78.96  0.02  0.41  0.02  0.47  0.02
 37 280.72021 -04.04612 2-,0,0,0,0    C18O [1] 78.91  0.07  0.50  0.07 78.89  0.07  0.56  0.07  0.54  0.07
 38 280.70465 -04.04199 2,0,0,1,1     C18O [2] 79.43  0.05  0.24  0.05 79.41  0.04  0.23  0.04  0.33  0.04
 39 280.71168 -04.05516 2,1,0,0,0     N2D+ [1] 78.67  0.10  0.48  0.10 78.68  0.10  0.32  0.10  0.53  0.09
 40 280.72511 -04.04151 2,0,1,0,1     C18O [2] 78.89  0.07  0.61  0.07 78.92  0.05  0.50  0.05  0.65  0.07
 41 280.68586 -04.07262 3-,0,0,0,0    C18O [2] 78.35  0.14  0.87  0.12 78.25  0.11  0.89  0.11  0.89  0.12
 42 280.72510 -04.04133 1,0,0,1,1     C18O [1]                         80.99  0.08  0.35  0.08            
 43 280.71131 -04.05386 0,0,0,0,0                                                                         
 44 280.72117 -04.04202 1,0,0,1,0     C18O [1] 80.03  0.04  0.36  0.04 80.05  0.05  0.39  0.05  0.41  0.04
 45 280.70717 -04.04238 1,0,0,0,2-    C18O [1] 79.65  0.07  0.50  0.07 79.61  0.08  0.54  0.08  0.54  0.07
 46 280.72534 -04.03817 1-,0,0,0,1-                                                                       
 47 280.71892 -04.04391 1,0,1,0,0     DCO+ [1] 80.81  0.07  0.52  0.07 80.76  0.06  0.45  0.06  0.56  0.06
 48 280.70421 -04.03679 1,0,1-,0,0    C18O [1]                                                            
 49 280.72399 -04.04140 1,0,1,0,0     C18O [1] 79.38  0.05  0.30  0.05 79.37  0.06  0.31  0.06  0.36  0.04
 50 280.71137 -04.05470 3,0,0,0,1     C18O [3] 77.92  0.07  0.54  0.07 77.88  0.05  0.45  0.05  0.58  0.07
 51 280.71929 -04.04615 3-,0,0,0,0    C18O [2] 79.17  0.03  0.60  0.03 79.18  0.03  0.58  0.03  0.64  0.03
 52 280.70231 -04.03840 0,0,2-,0,0                                                                        
 53 280.71035 -04.05629 3,0,1,0,1-    DCO+ [1] 78.07  0.10  0.42  0.10 78.04  0.10  0.38  0.10  0.47  0.09
 54 280.69561 -04.06440 1,0,0,1,0     C18O [1] 80.69  0.13  0.58  0.13 80.92  0.07  0.28  0.07  0.61  0.12
 55 280.70946 -04.03281 1,0,0,0,0     C18O [1] 79.25  0.18  1.03  0.18 79.33  0.20  0.96  0.20  1.05  0.18
 56 280.70218 -04.03879 0,1,0,0,0     N2D+ [1] 80.14  0.08  0.25  0.08                          0.34  0.06
 57 280.71216 -04.05279 0,0,0,0,0                                                                         
 58 280.72112 -04.04554 1,0,0,0,0     C18O [1] 79.28  0.06  0.29  0.06 79.27  0.05  0.28  0.05  0.36  0.05
 59 280.72440 -04.04402 1,0,0,0,1-    C18O [1] 79.19  0.02  0.30  0.02 79.18  0.02  0.31  0.02  0.36  0.02
 60 280.70417 -04.03576 1,0,0,1-,1-   C18O [1] 79.41  0.24  1.31  0.24                          1.33  0.24
 61 280.71179 -04.05291 1,0,0,1-,1-   C18O [1] 79.61  0.07  0.61  0.07 79.58  0.06  0.51  0.06  0.65  0.07
 62 280.71901 -04.04451 2,0,1,1-,0    C18O [2] 81.55  0.17  0.37  0.17                          0.43  0.15
 63 280.72522 -04.04376 1,0,1,1,0     C18O [1] 78.53  0.03  0.36  0.03 78.55  0.03  0.37  0.03  0.41  0.03
 64 280.70992 -04.05622 1,0,1,1,1     DCO+ [1] 78.23  0.06  0.64  0.06 78.28  0.07  0.66  0.07  0.68  0.06
 65 280.70829 -04.03367 1,0,0,0,0     C18O [1] 79.23  0.05  0.50  0.05 79.24  0.05  0.51  0.05  0.54  0.05
 66 280.70782 -04.03937 0,0,0,0,0                                                                         
 67 280.72638 -04.04219 0,1-,0,0,0                                                                        
 68 280.70306 -04.03441 1,1,0,0,0     N2D+ [1] 81.04  0.14  0.46  0.14                          0.51  0.13
 69 280.72568 -04.04305 0,0,0,0,0                                                                         
 70 280.70712 -04.04119 0,0,0,0,0                                                                         
 71 280.72375 -04.03840 1-,0,1-,0,0                                                                       
 72 280.70239 -04.03888 1-,0,1,0,1-   DCO+ [1] 81.25  0.21  0.86  0.21 80.82  0.15  0.57  0.15  0.89  0.20
 73 280.72563 -04.04056 0,0,0,0,0                                                                         
 74 280.70185 -04.06808 1,0,0,0,0     C18O [1] 81.91  0.10  0.34  0.10                          0.37  0.09
 75 280.70597 -04.06677 1,0,0,0,0     C18O [1] 78.80  0.05  0.48  0.05 78.80  0.05  0.49  0.05  0.52  0.05
 76 280.72152 -04.04641 1,0,0,1,0     C18O [1] 79.20  0.07  0.43  0.07 79.25  0.09  0.49  0.09  0.47  0.06
 77 280.70388 -04.03895 0,0,0,0,1-                                                                        
 78 280.68737 -04.07448 2,0,1-,0,0    C18O [2] 78.09  0.04  0.55  0.04 78.13  0.04  0.55  0.04  0.58  0.04
 79 280.70668 -04.04230 0,0,0,0,0                                                                         
 80 280.71143 -04.05498 2-,0,0,0,0    C18O [1] 80.24  0.09  0.49  0.09 80.18  0.12  0.55  0.12  0.54  0.08
 81 280.71971 -04.04866 1,0,0,0,0     C18O [1] 78.33  0.05  0.55  0.05 78.36  0.05  0.56  0.05  0.59  0.05
 82 280.68691 -04.06826 1,0,1,0,0     C18O [1] 79.49  0.05  0.25  0.05 80.01  0.18  0.79  0.18  0.32  0.04
 83 280.70969 -04.03233 0,0,0,0,0                                                                         
 84 280.68766 -04.07442 3,0,1,0,0     C18O [3] 78.05  0.02  0.47  0.02 78.07  0.02  0.44  0.02  0.51  0.02
 85 280.71056 -04.05499 4-,0,1-,1-,1- C18O [3] 80.29  0.10  0.60  0.10 79.77  0.05  0.20  0.05  0.64  0.09
 86 280.69555 -04.06926 1,0,0,0,0     C18O [1]                                                            
 87 280.71108 -04.05508 1,0,0,0,0     C18O [1]                                                            
 88 280.69553 -04.06959 0,0,0,0,0                                                                         
 89 280.71253 -04.05220 1,0,0,0,0     C18O [1] 76.97  0.16  0.58  0.16                          0.62  0.15
 90 280.72425 -04.04386 1,0,1-,0,0    C18O [1] 79.20  0.05  0.32  0.05 79.18  0.04  0.30  0.04  0.37  0.04
 91 280.71367 -04.05241 2,1,1-,0,0    N2D+ [1] 78.58  0.09  0.40  0.09 78.60  0.14  0.47  0.14  0.44  0.08
 92 280.71042 -04.05531 1,0,0,0,0     C18O [1] 80.41  0.03  0.26  0.03 80.44  0.04  0.26  0.04  0.34  0.02
 93 280.70967 -04.05674 2,0,1-,1-,0   C18O [1] 79.21  0.05  0.33  0.05 79.16  0.05  0.31  0.05  0.39  0.04
 94 280.72829 -04.01469 1,0,0,1-,1-   C18O [1] 79.80  0.18  0.90  0.18 79.87  0.17  0.80  0.17  0.92  0.18
 95 280.71890 -04.04509 1,1-,1,0,0    DCO+ [1] 79.47  0.04  0.22  0.04 79.44  0.04  0.23  0.04  0.31  0.03
 96 280.69356 -04.07159 2,0,0,0,0     C18O [2] 81.47  0.09  0.60  0.09 81.45  0.09  0.53  0.09  0.63  0.09
 97 280.70600 -04.04040 0,0,1,0,0     DCO+ [1] 80.04  0.04  0.30  0.04 80.05  0.04  0.32  0.04  0.36  0.03
 98 280.72910 -04.03695 0,0,0,0,0                                                                         
 99 280.72499 -04.04359 0,1,0,0,0     N2D+ [1]                         79.42  0.16  0.50  0.16            
100 280.71027 -04.05651 2,0,1,0,1-    DCO+ [1] 78.94  0.08  0.32  0.08 78.93  0.08  0.31  0.08  0.39  0.07
101 280.71950 -04.04869 1,0,0,0,0     C18O [1] 78.58  0.08  0.34  0.08 78.57  0.07  0.37  0.07  0.40  0.07
102 280.69696 -04.06383 0,1-,1-,0,0                                                                       
103 280.69424 -04.06827 0,0,0,0,0                                                                         
104 280.70462 -04.03363 2,0,0,1,0     C18O [2] 79.56  0.18  0.67  0.18                          0.70  0.17
105 280.71134 -04.05637 1,0,0,0,0     C18O [1] 75.90  0.04  0.20  0.04 75.89  0.05  0.21  0.05  0.29  0.03
106 280.72497 -04.03756 0,0,1,0,0     DCO+ [1] 79.61  0.05  0.17  0.05 79.63  0.06  0.20  0.06  0.25  0.04
107 280.69466 -04.06420 3,0,0,0,0     C18O [3] 80.95  0.11  0.58  0.12 80.00  0.11  0.39  0.20  0.61  0.11
108 280.70254 -04.03908 1,1-,0,0,0    C18O [1] 83.02  0.07  0.22  0.07 83.02  0.08  0.26  0.08  0.32  0.05
109 280.71332 -04.05315 1,0,0,0,0     C18O [1] 80.99  0.07  0.67  0.07 80.97  0.07  0.66  0.07  0.70  0.07
110 280.71389 -04.05138 1,0,1,0,0     DCO+ [1] 79.44  0.05  0.24  0.05                          0.33  0.04
111 280.72241 -04.03605 0,0,0,1-,0                                                                        
112 280.70607 -04.04224 0,0,0,0,0                                                                         
113 280.71368 -04.05131 1,0,0,0,0     C18O [1] 78.75  0.08  0.36  0.08 78.72  0.08  0.38  0.08  0.42  0.07
114 280.72651 -04.03976 1,0,1-,1,0    C18O [1] 79.16  0.12  0.69  0.12 79.39  0.22  0.69  0.22  0.73  0.11
115 280.71189 -04.05244 0,0,0,1-,0                                                                        
116 280.71105 -04.05394 1,1,0,0,0     N2D+ [1] 79.88  0.08  0.28  0.08                          0.36  0.06
117 280.71317 -04.05231 0,1,0,0,1-    N2D+ [1] 78.53  0.09  0.42  0.09 78.49  0.08  0.41  0.08  0.47  0.08
118 280.69525 -04.06920 0,1-,0,0,1-                                                                       
119 280.69415 -04.07099 2,1-,1,0,1-   DCO+ [1] 79.64  0.09  0.32  0.09 79.60  0.05  0.31  0.05  0.39  0.07
120 280.71218 -04.05341 2-,0,0,0,0    C18O [2] 81.48  0.07  0.30  0.07 81.41  0.08  0.30  0.08  0.37  0.06
121 280.70971 -04.03259 0,0,0,1,0                                                                         
122 280.72447 -04.04312 0,0,0,1,0                                                                         
123 280.69550 -04.06812 1,0,1,1-,0    DCO+ [1] 81.38  0.04  0.22  0.04 81.40  0.05  0.22  0.05  0.28  0.03
124 280.72401 -04.04231 1,0,1,0,0     C18O [1] 77.66  0.11  0.53  0.11 77.69  0.11  0.51  0.11  0.57  0.10
125 280.72358 -04.04461 2,0,0,0,0     C18O [2] 77.92  0.20  0.64  0.22 77.96  0.17  0.89  0.17  0.67  0.21
126 280.70435 -04.04142 1,0,0,0,0     C18O [1]                                                            
127 280.72680 -04.04176 0,2-,0,0,0    N2D+ [2]                         81.60  0.07  0.22  0.07            
128 280.69536 -04.06892 1-,0,2,0,0                                                                        
129 280.70506 -04.04077 2-,0,0,1-,0   C18O [1]                                                            
130 280.71070 -04.05491 2,0,0,0,0     C18O [2] 80.04  0.11  0.59  0.11 80.12  0.12  0.71  0.12  0.63  0.10
131 280.71294 -04.05227 2-,1,1-,0,1-  N2D+ [1] 78.68  0.09  0.38  0.09                          0.44  0.08
132 280.70446 -04.04181 0,0,0,0,0                                                                         
133 280.72738 -04.03713 0,0,0,1,1                                                                         
134 280.72534 -04.04065 1,0,1-,2,1                                                                        
135 280.70484 -04.04055 3,0,1-,0,1-   C18O [2] 81.55  0.09  0.40  0.09 81.58  0.05  0.22  0.05  0.45  0.08
136 280.69426 -04.06945 1-,0,1,0,0    DCO+ [1] 76.16  0.09  0.25  0.09                          0.31  0.07
137 280.72506 -04.04404 0,0,0,0,0                                                                         
138 280.72371 -04.04441 1,0,0,0,0     C18O [1] 78.93  0.05  0.37  0.05 78.85  0.06  0.42  0.06  0.42  0.04
139 280.72596 -04.04298 0,0,0,0,0                                                                         
140 280.70971 -04.03299 1,0,0,1,0     C18O [1] 78.37  0.09  0.60  0.09 78.33  0.08  0.58  0.08  0.64  0.09
141 280.72457 -04.04340 1-,0,0,0,0                                                                        
142 280.70575 -04.03348 0,0,0,0,0                                                                         
143 280.70989 -04.05477 3-,0,0,0,0    C18O [2]                         77.99  0.10  0.50  0.10            
144 280.69326 -04.06758 1,0,0,0,0     C18O [1]                                                            
145 280.71024 -04.05505 1,0,0,0,1-    C18O [1] 79.97  0.10  0.57  0.10 79.88  0.15  0.85  0.15  0.61  0.09
146 280.71216 -04.05363 2,0,0,0,0     C18O [2] 79.75  0.04  0.20  0.04 79.76  0.04  0.20  0.04  0.31  0.03
147 280.71274 -04.05217 2-,0,0,0,0    C18O [1]                         76.76  0.10  0.30  0.10            
148 280.71109 -04.05488 1,0,0,0,0     C18O [1] 80.38  0.10  0.64  0.10 80.37  0.10  0.66  0.10  0.67  0.10
149 280.70270 -04.03879 0,0,0,0,0                                                                         
150 280.69566 -04.06966 0,0,0,0,0                                                                         
151 280.69370 -04.07165 1,0,1,0,0     C18O [1]                                                            
152 280.71154 -04.05366 0,0,0,0,0                                                                         
153 280.70616 -04.03994 0,0,0,0,0                                                                         
154 280.70448 -04.03354 1-,0,0,2,0                                                                        
155 280.70412 -04.04137 1,0,0,0,0     C18O [1] 81.36  0.06  0.18  0.06 81.37  0.07  0.18  0.06  0.30  0.04
156 280.72893 -04.03681 0,0,0,0,0                                                                         
157 280.71251 -04.05288 0,0,0,0,1-                                                                        
158 280.70641 -04.03617 0,0,0,0,0                                                                         
159 280.69589 -04.06947 2,0,0,0,0     C18O [2] 79.22  0.07  0.22  0.07 79.22  0.06  0.20  0.06  0.27  0.06
160 280.72548 -04.04319 0,0,0,0,0                                                                         
161 280.70253 -04.03873 0,0,1,0,0     DCO+ [1]                                                            
162 280.72651 -04.03988 1,0,0,0,0     C18O [1] 79.57  0.14  0.94  0.14 79.51  0.13  0.88  0.13  0.97  0.14
163 280.72191 -04.04186 0,0,0,0,0                                                                         
164 280.69429 -04.06890 1,0,0,0,0     C18O [1] 77.29  0.06  0.36  0.06 77.31  0.06  0.37  0.06  0.40  0.05
165 280.69261 -04.07167 1,0,0,0,0     C18O [1]                         80.73  0.11  0.48  0.11            
166 280.70367 -04.03620 0,0,0,0,0                                                                         
167 280.71047 -04.05587 3-,0,1-,0,0                                                                       
168 280.70971 -04.05529 2,0,0,0,0     C18O [2] 79.90  0.05  0.33  0.05 79.91  0.05  0.33  0.05  0.40  0.04
169 280.71381 -04.05161 1,1-,1,0,0    C18O [1] 78.67  0.09  0.53  0.09 78.64  0.09  0.52  0.09  0.57  0.08
170 280.72795 -04.01456 1,0,0,0,0     C18O [1] 78.83  0.08  0.33  0.08 78.86  0.09  0.33  0.09  0.38  0.07
171 280.70196 -04.03836 0,0,1-,0,0                                                                        
172 280.69424 -04.07163 2,0,1-,0,0    C18O [2] 80.90  0.11  0.63  0.11 80.90  0.09  0.61  0.09  0.67  0.10
173 280.69385 -04.06931 1,1-,0,0,0                                                                        
174 280.69514 -04.06956 0,0,0,0,0                                                                         
175 280.70609 -04.03341 0,0,0,1,0                                                                         
176 280.69502 -04.06891 1,0,0,1-,1-   C18O [1] 77.20  0.07  0.25  0.07 77.22  0.06  0.24  0.06  0.30  0.06
177 280.70974 -04.05826 2,0,0,0,1-    C18O [2] 75.72  0.07  0.42  0.07 75.73  0.08  0.46  0.08  0.47  0.06
178 280.71010 -04.03322 1,0,0,0,0     C18O [1] 77.99  0.08  0.46  0.08 77.97  0.09  0.47  0.09  0.51  0.07
179 280.68692 -04.06890 1,0,0,0,0     C18O [1] 80.10  0.04  0.24  0.04 80.10  0.04  0.25  0.04  0.31  0.03
180 280.69486 -04.06912 1-,0,0,0,0                                                                        
181 280.69341 -04.06981 1,0,1-,1,0    C18O [1] 76.78  0.14  0.52  0.14 76.82  0.13  0.51  0.13  0.55  0.13
182 280.72489 -04.04101 0,0,0,0,0                                                                         
183 280.69587 -04.06840 0,0,0,0,0                                                                         
184 280.70570 -04.05749 1,0,0,0,1-    C18O [1] 79.50  0.05  0.27  0.05 79.50  0.06  0.31  0.06  0.34  0.04
185 280.71992 -04.04694 1,0,0,0,1     C18O [1] 79.28  0.06  0.61  0.06 79.29  0.06  0.59  0.06  0.64  0.06
186 280.72354 -04.03809 1,0,1,0,0     DCO+ [1] 80.52  0.09  0.30  0.09 80.46  0.07  0.27  0.07  0.36  0.08
187 280.70765 -04.05672 1,0,1,0,0     DCO+ [1] 79.73  0.09  0.39  0.09 79.74  0.09  0.43  0.09  0.44  0.08
188 280.72457 -04.04391 1,0,0,0,1     C18O [1]                                                            
189 280.70356 -04.03934 1,0,0,0,0     C18O [1] 77.77  0.04  0.22  0.04 77.77  0.04  0.22  0.04  0.32  0.03
190 280.70964 -04.05658 2,0,0,0,0     C18O [2] 79.23  0.06  0.37  0.06 79.19  0.07  0.41  0.07  0.43  0.05
191 280.69534 -04.06715 0,0,0,0,0                                                                         
192 280.70217 -04.04013 0,0,0,0,1                                                                         
193 280.69302 -04.06866 0,0,0,1-,0                                                                        
194 280.70427 -04.03654 0,0,1-,0,0                                                                        
195 280.71414 -04.05129 1,0,0,0,1-    C18O [1] 78.05  0.17  0.73  0.17 78.20  0.18  0.62  0.20  0.76  0.16
196 280.69526 -04.06872 0,0,0,0,0                                                                         
197 280.68739 -04.07487 1,0,0,0,0     C18O [1] 80.56  0.02  0.19  0.02 80.59  0.02  0.20  0.02  0.27  0.02
198 280.70808 -04.03304 0,0,0,1-,0                                                                        
199 280.70630 -04.04229 0,0,0,0,0                                                                         
200 280.68681 -04.06847 1,0,0,0,0     C18O [1] 80.23  0.13  0.54  0.13 80.25  0.04  0.21  0.04  0.58  0.12
201 280.70444 -04.03619 0,0,0,0,0                                                                         
202 280.69551 -04.06880 0,0,0,0,0                                                                         
203 280.72506 -04.04188 1,0,1-,0,0    C18O [2] 81.11  0.07  0.33  0.07 81.13  0.06  0.32  0.06  0.40  0.06
204 280.72798 -04.03917 2,0,1,0,0     C18O [1] 79.39  0.07  0.34  0.07 79.41  0.05  0.30  0.05  0.42  0.06
205 280.70392 -04.03348 0,0,0,0,0                                                                         
206 280.71292 -04.05247 0,0,0,0,0                                                                         
207 280.70582 -04.03249 0,0,0,0,0                                                                         
208 280.72609 -04.04217 1,0,0,0,0     C18O [1]                         81.02  0.04  0.16  0.04            
209 280.69410 -04.06799 1-,0,0,1-,0                                                                       
210 280.71162 -04.05270 2,0,0,0,1-    C18O [2] 79.12  0.06  0.29  0.06                          0.37  0.05
211 280.71106 -04.05376 0,0,0,0,0                                                                         
212 280.69514 -04.06879 1-,0,0,1-,1-                                                                      
213 280.70416 -04.03777 1,0,0,0,0     C18O [1] 76.75  0.04  0.18  0.04 76.77  0.04  0.18  0.04  0.27  0.03
214 280.70783 -04.05676 1,0,0,0,0     C18O [1] 79.93  0.34  1.04  0.34 79.87  0.30  1.11  0.30  1.06  0.33
215 280.72834 -04.03669 0,0,0,0,0                                                                         
216 280.70330 -04.03972 0,0,1-,0,0                                                                        
217 280.72653 -04.04194 2-,0,0,0,0                                                                        
218 280.70409 -04.03845 0,0,1-,0,0                                                                        
219 280.71336 -04.05233 1,1,0,0,0     N2D+ [1] 78.48  0.09  0.28  0.09                          0.35  0.07
220 280.69537 -04.07001 0,0,1-,0,0                                                                        
221 280.69281 -04.06859 0,0,0,0,0                                                                         
222 280.70886 -04.05570 0,0,0,0,0                                                                         
223 280.69441 -04.07109 1,0,1-,0,1-   C18O [1] 81.10  0.15  0.59  0.15 81.18  0.14  0.62  0.14  0.63  0.14
224 280.70558 -04.04129 0,0,0,0,0                                                                         
225 280.72467 -04.04354 0,0,0,0,0                                                                         
226 280.71960 -04.04899 0,1,1-,0,0    N2D+ [1] 78.85  0.09  0.22  0.09                          0.30  0.07
227 280.70582 -04.03236 0,0,0,0,0                                                                         
228 280.72191 -04.04623 0,0,0,0,0                                                                         
229 280.69454 -04.06912 1,0,0,0,0     C18O [1] 77.38  0.05  0.26  0.05 77.39  0.05  0.26  0.05  0.31  0.04
230 280.72534 -04.04122 1,0,0,0,0     C18O [1]                                                            
231 280.69469 -04.06731 0,0,0,0,0                                                                         
232 280.68728 -04.06901 1,0,1-,0,0    C18O [1] 80.08  0.05  0.24  0.05 80.08  0.04  0.23  0.04  0.31  0.04
233 280.71008 -04.05663 2,0,1,0,0     DCO+ [1] 78.82  0.08  0.31  0.08 78.86  0.07  0.29  0.07  0.38  0.07
234 280.72429 -04.04191 1,1-,1-,0,0   C18O [1] 80.99  0.05  0.23  0.05 81.00  0.05  0.23  0.05  0.30  0.04
235 280.68646 -04.06830 1-,0,0,0,0                                                                        
236 280.70438 -04.03340 0,0,0,0,0                                                                         
237 280.69473 -04.06922 1-,0,0,0,0                                                                        
238 280.72186 -04.04202 1,0,0,0,0                                                                         
239 280.72503 -04.04309 2-,0,0,0,0    C18O [1] 75.60  0.05  0.18  0.05                          0.25  0.04
240 280.70735 -04.03547 1,0,0,0,0     C18O [1]                         78.60  0.12  0.44  0.12            
241 280.70995 -04.05666 3,0,1-,0,0    C18O [3] 79.49  0.07  0.39  0.07 79.44  0.07  0.34  0.08  0.45  0.06
242 280.70148 -04.03781 0,0,0,0,0                                                                         
243 280.69331 -04.07116 1,0,0,1,0     C18O [1] 81.12  0.04  0.29  0.04 81.14  0.04  0.31  0.04  0.35  0.03
244 280.70299 -04.03424 0,0,0,0,0                                                                         
245 280.72696 -04.04136 2,0,0,1-,0    C18O [1]                         81.15  0.04  0.18  0.04            
246 280.72936 -04.01581 0,0,0,0,0                                                                         
247 280.69481 -04.07031 0,1,0,0,0     N2D+ [1] 79.99  0.09  0.23  0.09                          0.30  0.07
248 280.72717 -04.01756 1,0,0,0,0     C18O [1]                         78.34  0.08  0.30  0.08            
249 280.70622 -04.04013 0,0,1,0,0     DCO+ [1]                         80.01  0.09  0.45  0.09            
250 280.69310 -04.06845 0,0,0,0,0                                                                         
251 280.72896 -04.03881 0,0,0,0,0                                                                         
252 280.69526 -04.06837 1,0,0,0,1-    C18O [1]                         77.48  0.07  0.28  0.07            
253 280.69369 -04.06826 0,0,0,1-,0                                                                        
254 280.69551 -04.06830 0,0,1-,0,0                                                                        
255 280.70818 -04.03424 0,0,0,0,0                                                                         
256 280.70622 -04.03879 0,0,1,1-,0    DCO+ [1] 79.74  0.08  0.32  0.08 79.74  0.07  0.33  0.07  0.39  0.07
257 280.68661 -04.07547 1,0,0,0,0     C18O [1] 80.88  0.03  0.19  0.03 80.88  0.03  0.19  0.03  0.25  0.03
258 280.70433 -04.04205 0,1,0,0,0     N2D  [1] 79.86  0.12  0.33  0.12 79.90  0.13  0.38  0.13  0.40  0.10
259 280.72592 -04.01434 2,0,0,0,0     C18O [1] 78.26  0.04  0.22  0.04 78.26  0.04  0.23  0.04  0.31  0.03
260 280.70323 -04.04172 0,0,1,0,0     DCO+ [1] 81.25  0.12  0.39  0.12 81.18  0.14  0.43  0.14  0.45  0.11
261 280.71356 -04.05261 2,0,0,1-,1-   C18O [2] 78.69  0.10  0.54  0.10 78.69  0.10  0.55  0.10  0.58  0.09
262 280.69569 -04.06987 0,0,1,0,0     DCO+ [1]                         79.53  0.07  0.22  0.07            
263 280.69292 -04.07190 0,0,0,0,0                                                                         
264 280.70258 -04.03981 0,0,0,0,0                                                                         
265 280.70584 -04.05745 1,0,0,0,0     C18O [1]                         79.40  0.04  0.14  0.03            
266 280.72685 -04.04159 0,0,0,1-,0                                                                        
267 280.72691 -04.04187 1,0,0,0,0     C18O [1] 77.59  0.06  0.22  0.06 77.59  0.07  0.24  0.07  0.31  0.04
268 280.73050 -04.01813 0,0,0,0,0                                                                         
269 280.72181 -04.04616 0,0,0,0,0                                                                         
270 280.69351 -04.07173 2,0,0,0,0     C18O [2] 78.21  0.05  0.18  0.05                          0.26  0.04
271 280.72520 -04.04212 1,0,0,0,1-    C18O [1] 80.40  0.19  0.88  0.19 80.37  0.18  0.89  0.18  0.91  0.18
272 280.69303 -04.07161 2,0,1,0,1-    DCO+ [1]                         81.39  0.05  0.19  0.04            
273 280.69441 -04.06906 1,0,0,0,0     C18O [1] 77.20  0.06  0.29  0.06 77.22  0.06  0.29  0.06  0.34  0.05
274 280.68663 -04.06819 1-,0,0,0,0                                                                        
275 280.69437 -04.06795 1-,0,0,1-,1-                                                                      
276 280.69646 -04.06790 1,0,0,0,1-    C18O [1]                         77.56  0.09  0.32  0.09            
277 280.70909 -04.05529 2,0,0,0,1     C18O [2] 79.60  0.07  0.38  0.07 79.55  0.07  0.37  0.07  0.45  0.06
278 280.69243 -04.07195 2,0,0,0,0     C18O [2] 80.60  0.11  0.48  0.11 80.81  0.12  0.42  0.14  0.52  0.10
279 280.69359 -04.06930 0,0,0,0,0                                                                         
280 280.70541 -04.05736 1,0,0,0,0     C18O [1] 80.28  0.23  0.90  0.23                          0.92  0.22
